recheck at 60 digits: h c v40 v60 |v60-v40|/v60 same_double
3.9444019227998011 4.9764866670672385e-162 0.14619978130532055 0.14619978130532055 1.43e-39 True
0.0017640793134665793 1.7427092483889368e-07 0.00057544996746786202 0.00057544996746786202 4.63e-38 True
1.7856884225157674 0.009283455693822492 0.81439116664392586 0.81439116664392586 7.79e-42 True
0.71085595458662665 0.11757656451176653 0.81706207528947772 0.81706207528947772 1.04e-41 True
0.17220165338770738 0.00035887140061260632 0.076702355798888108 0.076702355798888108 5.07e-40 True
1.8290363581428188 0.0093050855266803983 0.82948894290484099 0.82948894290484099 1.92e-41 True
3.952744943840969 6.9823461191924086e-11 0.622550218205424 0.622550218205424 1.34e-40 True
1.8557505740838462 0.0098456003921319046 0.84522607180369025 0.84522607180369025 2.35e-41 True
3.85588057803374 1.4650038931817759e-130 0.15962556168681699 0.15962556168681699 1.67e-39 True
0.0036880118174595325 0.3288294623805495 0.85247223290899588 0.85247223290899588 8.51e-42 True
1.4200011767415637 0.0058694327133528117 0.64126153685811838 0.64126153685811838 9.50e-43 True
1.4237047542525214 0.005898101599284597 0.64299011531612693 0.64299011531612693 2.94e-41 True
1.7755710422702245e-06 3.4121407074325677e-10 6.138553819100955e-07 6.138553819100955e-07 3.93e-35 True
0.00028551565575278282 0.12942529913225659 0.32617264493353065 0.32617264493353065 8.72e-42 True
0.979022517605876 0.0031092148295751858 0.4382322683806002 0.4382322683806002 2.22e-41 True
0.094891623360408558 0.00015542313891493499 0.041157031506601528 0.041157031506601528 4.67e-40 True
0.00029272849047811149 0.03269289398034686 0.08232654211574425 0.08232654211574425 1.40e-40 True
1.4586733074143878 0.0061720656332653031 0.65930392687833961 0.65930392687833961 4.30e-41 True
0.11123474075075064 0.30480429338328408 0.88230696698021183 0.88230696698021183 1.20e-41 True
0.08701978940698292 0.31263025000804501 0.88250125377286892 0.88250125377286892 5.22e-42 True
1.4770535644080494 0.0063214611265752386 0.66791756428746163 0.66791756428746163 7.29e-41 True
0.0065666326389403982 5.1841240429705818e-06 0.0026210800848423454 0.0026210800848423454 9.63e-39 True
3.7840347924396189 6.3333850502733194e-09 0.67194199939163435 0.67194199939163435 1.63e-40 True
1.9589924038234108 0.011398136255841117 0.89844444869871609 0.89844444869871609 9.03e-42 True
0.0093851613525699693 0.34434672092164947 0.90032234736684114 0.90032234736684114 1.98e-41 True
2.4971886807768273 3.1653112075381074e-194 0.084504312387166464 0.084504312387166464 4.23e-39 True
0.0019613199961381364 0.34784673756018697 0.90331847180114799 0.90331847180114799 1.90e-41 True
0.12081633225242544 0.30991797360964352 0.90378563970662562 0.90378563970662562 7.12e-42 True
0.38135959747497938 0.00086862644308670692 0.16956213008017215 0.16956213008017215 2.24e-40 True
1.560126939419149 1.2330720107834131e-290 0.043036645342085462 0.043036645342085462 2.14e-38 True
0.061091434723682655 1.4844369384957531e-05 0.021524330462056259 0.021524330462056259 1.11e-39 True
3.9912580024246305 2.3501793283687862e-258 0.11667834633419051 0.11667834633419051 3.15e-39 True
3.9003864543601967 2.0961370090870966e-63 0.23455135849460063 0.23455135849460063 4.82e-40 True
1.0511715195987379 4.7150110340996646e-35 0.088066086425952761 0.088066086425952761 8.21e-40 True
9.4589519768865079e-06 0.002193348416394735 0.0055097370424364049 0.0055097370424364049 1.72e-39 True
3.9245215840070387 1.8570582215085744e-17 0.4723534637047424 0.4723534637047424 1.03e-40 True
1.5717573631481763 0.0071351129829520391 0.71247214550174798 0.71247214550174798 6.25e-42 True
1.5818575905418961 0.0071567184627310673 0.71627713764921697 0.71627713764921697 3.51e-41 True
1.0684631611758644 0.0035751736467699684 0.47899591920805024 0.47899591920805024 1.15e-41 True
0.0059346476264192901 0.27937153655096503 0.72093043405272905 0.72093043405272905 4.68e-42 True
