recheck at 60 digits: h c v40 v60 |v60-v40|/v60 same_double
1.8557505740838462 0.0098456003921319046 0.84522607180369025 0.84522607180369025 2.35e-41 True
1.7755710422702245e-06 3.4121407074325677e-10 6.138553819100955e-07 6.138553819100955e-07 3.93e-35 True
0.979022517605876 0.0031092148295751858 0.4382322683806002 0.4382322683806002 2.22e-41 True
0.094891623360408558 0.00015542313891493499 0.041157031506601528 0.041157031506601528 4.67e-40 True
0.011865411814933837 1.9634097602169272e-05 0.0051808094173224012 0.0051808094173224012 8.66e-39 True
1.4770535644080494 0.0063214611265752386 0.66791756428746163 0.66791756428746163 7.29e-41 True
0.00041284809952095279 3.0651093068822496e-07 0.00016370197953393341 0.00016370197953393341 3.51e-37 True
0.013723269445297189 0.34083050277119753 0.8945276455719342 0.8945276455719342 2.01e-41 True
0.0093851613525699693 0.34434672092164947 0.90032234736684114 0.90032234736684114 1.98e-41 True
0.023081085384045529 0.34083512327148191 0.9029024444960867 0.9029024444960867 7.06e-42 True
0.38135959747497938 0.00086862644308670692 0.16956213008017215 0.16956213008017215 2.24e-40 True
0.31354393499025135 0.25317743741516058 0.90812518577312906 0.90812518577312906 1.13e-42 True
1.560126939419149 1.2330720107834131e-290 0.043036645342085462 0.043036645342085462 2.14e-38 True
0.0626009395615926 0.25054832458818199 0.69809513851571736 0.69809513851571736 2.73e-41 True
3.9912580024246305 2.3501793283687862e-258 0.11667834633419051 0.11667834633419051 3.15e-39 True
1.5717573631481763 0.0071351129829520391 0.71247214550174798 0.71247214550174798 6.25e-42 True
1.5818575905418961 0.0071567184627310673 0.71627713764921697 0.71627713764921697 3.51e-41 True
3.9715977962003444 1.2978689902112224e-08 0.71743274955130953 0.71743274955130953 6.56e-41 True
2.0440305299818848 1.1261367814973254e-115 0.090311065339887642 0.090311065339887642 3.75e-39 True
0.81584054348714496 0.0023029872181369697 0.36312042130705957 0.36312042130705957 4.70e-41 True
0.0010065038637466636 0.28428387792915549 0.72934417750588032 0.72934417750588032 1.52e-41 True
6.7888581052314216e-06 7.2190542578404529e-09 2.8069458238363621e-06 2.8069458238363621e-06 4.73e-37 True
2.0020746729640728 0.019114516241449431 0.98637622911111378 0.98637622911111378 3.63e-42 True
1.6317357629132456 0.0076790954174263638 0.74069143787473468 0.74069143787473468 5.54e-41 True
1.6397790792371312 0.0077387358775236476 0.74427443100002122 0.74427443100002122 8.22e-42 True
3.9914089501633629 3.1620858826711211e-224 0.12538189364721997 0.12538189364721997 2.00e-39 True
3.9875966154147728 5.4792281676575817e-08 0.75318155727231195 0.75318155727231195 8.96e-41 True
2.8214625886074436 6.1996247502184336e-05 0.75323159475733104 0.75323159475733104 4.12e-41 True
2.1735632820921604 0.014585801620395225 1.0046336975247665 1.0046336975247665 4.90e-42 True
0.023581782365997703 0.015215272112993472 0.06288572102632356 0.06288572102632356 3.45e-41 True
0.0015983932278640584 7.5141828741410252e-08 0.00049155725589838028 0.00049155725589838028 1.91e-38 True
3.8701672417492992 1.3714999644463294e-07 0.75599967941655966 0.75599967941655966 1.39e-40 True
3.9164898719889387 1.0076668726201008e-07 0.75614920088003135 0.75614920088003135 1.29e-41 True
1.9732615688112425 1.0021600322553761e-217 0.063028956283950222 0.063028956283950222 2.71e-39 True
2.1848671451162196 0.014767345948653093 1.0102360062393168 1.0102360062393168 1.34e-41 True
3.9423453559647927 9.3047016573097494e-08 0.75861772823277274 0.75861772823277274 1.16e-40 True
3.9203159353092163 9.2631426852292593e-213 0.12648478045022252 0.12648478045022252 2.97e-40 True
0.0023278180990167268 0.19901488587457006 0.50655208712338118 0.50655208712338118 2.32e-41 True
2.1892596141761258 0.014944280509381298 1.0134581161767542 1.0134581161767542 1.15e-41 True
5.1061427586578399e-05 1.9954979007774234e-09 1.5488282762380366e-05 1.5488282762380366e-05 2.37e-36 True
